test_DLinear_custom_ftM_sl96_ll48_pl96_dm512_nh8_el2_dl1_df2048_fc1_ebtimeF_dtTrue_test_0  
mse:0.3078620135784149, mae:0.35121646523475647, rse:0.5315324068069458, corr:[0.21422747 0.21338117 0.21270394 0.21141307 0.20956491 0.20830736
 0.20773515 0.20739108 0.2074139  0.20746525 0.2074148  0.20737287
 0.20749979 0.20765787 0.2073848  0.20679116 0.2063741  0.20620239
 0.20603459 0.2058304  0.20571737 0.20579863 0.2060179  0.20578189
 0.2048348  0.2037793  0.20302767 0.20189732 0.20072924 0.19997668
 0.19970262 0.19950072 0.19952817 0.19952078 0.19934583 0.19923176
 0.19942823 0.19986159 0.19995931 0.19970934 0.19950652 0.19940324
 0.19935597 0.19923909 0.19912748 0.19913639 0.19927645 0.19908655
 0.19831604 0.19753803 0.19694598 0.1961253  0.19544767 0.19518018
 0.19530562 0.19538248 0.19547485 0.1953725  0.19498071 0.19457814
 0.19450739 0.19471633 0.19474883 0.19453663 0.19434519 0.1941796
 0.19408822 0.19405583 0.19403532 0.19410756 0.19434366 0.1944559
 0.19414698 0.19379945 0.19348958 0.19302766 0.19271205 0.1926938
 0.19292018 0.19311275 0.19326945 0.19324814 0.19288339 0.1924057
 0.19216247 0.19216564 0.19208771 0.19185734 0.19164984 0.1914513
 0.19133808 0.19128953 0.1912256  0.19109933 0.19108531 0.1911188 ]

test_DLinear_custom_ftM_sl96_ll48_pl96_dm512_nh8_el2_dl1_df2048_fc1_ebtimeF_dtTrue_test_0  
mse:0.30959078669548035, mae:0.35299161076545715, rse:0.5330227613449097, corr:[0.21420568 0.21331422 0.2126732  0.2113701  0.20953618 0.208273
 0.20769776 0.20735872 0.2073776  0.20742522 0.2073965  0.20738651
 0.20749708 0.20766285 0.20737453 0.2067712  0.20638418 0.20622294
 0.20607927 0.20589791 0.20578034 0.20583266 0.2060416  0.20577788
 0.20485094 0.20377912 0.2030612  0.20192079 0.2007748  0.20003942
 0.19974309 0.19953123 0.1995422  0.19954957 0.19934726 0.19925228
 0.19944747 0.19988312 0.1999934  0.19973877 0.19952604 0.19945103
 0.19941817 0.19929644 0.19917148 0.19914514 0.19927257 0.1990965
 0.19832696 0.19753782 0.19695726 0.19613689 0.19544543 0.19517119
 0.19529371 0.19537336 0.19545911 0.19537486 0.19496252 0.19460209
 0.19451867 0.1947172  0.19475622 0.19455367 0.19436422 0.19422512
 0.19415067 0.1940922  0.19404857 0.19407903 0.19427404 0.19440094
 0.19412258 0.19380169 0.1934833  0.19300406 0.19269863 0.19268323
 0.19291751 0.19314359 0.19327664 0.19324903 0.19286309 0.19238968
 0.19214106 0.19214974 0.1920778  0.19185846 0.19164835 0.19146083
 0.19136159 0.19131435 0.1912508  0.19110443 0.19105518 0.19109532]

test_DLinear_custom_ftM_sl96_ll48_pl96_dm512_nh8_el2_dl1_df2048_fc1_ebtimeF_dtTrue_test_0  
mse:0.30801793932914734, mae:0.3511875867843628, rse:0.5316669940948486, corr:[0.21416973 0.21329112 0.21267714 0.21138307 0.20954476 0.20832461
 0.20776382 0.20740408 0.20743039 0.20747532 0.20741023 0.20733882
 0.20745286 0.20763704 0.20738223 0.20680867 0.20641957 0.20625547
 0.20612454 0.20594327 0.20583695 0.20586589 0.20604374 0.20578668
 0.20482977 0.20374775 0.20297317 0.2018672  0.20069994 0.19997828
 0.19971511 0.19950561 0.1995407  0.19954275 0.1993533  0.19922136
 0.19939983 0.19983959 0.19996601 0.19974436 0.19954677 0.19943792
 0.19937576 0.1992892  0.19918758 0.1991747  0.19928643 0.19909933
 0.19830333 0.19750686 0.1969388  0.19613723 0.19545637 0.19518656
 0.1953121  0.19539043 0.1954738  0.19535129 0.19494782 0.19453397
 0.19445573 0.19465911 0.19472276 0.194559   0.19435912 0.19418971
 0.19407016 0.19403087 0.19401518 0.19406629 0.1943024  0.1944617
 0.19416927 0.19383085 0.19352512 0.19302805 0.19273344 0.19272317
 0.19294727 0.19313921 0.19328505 0.19328363 0.19289541 0.19241975
 0.19217558 0.19217084 0.19210178 0.19189477 0.19167736 0.19147338
 0.19135411 0.19129403 0.19122453 0.19107997 0.19106695 0.19113623]

test_DLinear_custom_ftM_sl96_ll48_pl96_dm512_nh8_el2_dl1_df2048_fc1_ebtimeF_dtTrue_test_1  
mse:0.3079296052455902, mae:0.3508743345737457, rse:0.5315907597541809, corr:[0.2142641  0.21336439 0.21272    0.21140367 0.20954023 0.20830062
 0.20773329 0.20738773 0.20742704 0.20746492 0.2074074  0.20735586
 0.2074504  0.20760179 0.20734678 0.20678324 0.20640455 0.2062282
 0.20606981 0.20587787 0.20574747 0.20581335 0.20601743 0.20578511
 0.20482603 0.20375676 0.20301181 0.20187713 0.20071064 0.19995062
 0.1996603  0.1994456  0.19948053 0.19947606 0.1992889  0.1991723
 0.19935392 0.19976145 0.19988538 0.19968121 0.19952093 0.19945222
 0.19939163 0.19928084 0.1991971  0.19919138 0.1992964  0.19909425
 0.19831623 0.19753322 0.19697545 0.1961523  0.19546713 0.19518927
 0.19529934 0.1953686  0.19545864 0.19533914 0.19493257 0.19453497
 0.19444458 0.19461648 0.19466572 0.19448772 0.19432269 0.19417651
 0.19409643 0.19407907 0.1940688  0.19410916 0.19432935 0.19446136
 0.1941715  0.19382432 0.19350912 0.19300395 0.19270505 0.19270864
 0.19294052 0.19314228 0.19329666 0.19327378 0.19289367 0.19243076
 0.19215387 0.1921222  0.19204925 0.19182904 0.1916211  0.19141789
 0.19131947 0.19128618 0.19122362 0.19108932 0.19108017 0.19113754]

test_DLinear_custom_ftM_sl96_ll48_pl96_dm512_nh8_el2_dl1_df2048_fc1_ebtimeF_dtTrue_test_0  
mse:0.3082948327064514, mae:0.3518109917640686, rse:0.5319059491157532, corr:[0.21418157 0.21331938 0.21268179 0.21136647 0.20951822 0.20828933
 0.2077321  0.20739368 0.20744283 0.20750149 0.20743673 0.20737915
 0.20748326 0.20764972 0.20738406 0.20678085 0.20636098 0.20618725
 0.20603167 0.20583384 0.20573057 0.20580173 0.20598917 0.2057551
 0.20479158 0.2037092  0.20295599 0.20183305 0.20068206 0.19994411
 0.19968125 0.19946182 0.19948085 0.1994836  0.19930474 0.19917394
 0.1993886  0.19982761 0.19996211 0.19973455 0.19952464 0.1994437
 0.19936183 0.19923475 0.19913496 0.19914341 0.19926378 0.19907528
 0.19828428 0.19749942 0.19691558 0.19608799 0.19541536 0.19515924
 0.19529073 0.19536327 0.1954455  0.19533779 0.19494097 0.1945237
 0.1944491  0.19466826 0.19471662 0.19452478 0.19431974 0.19417803
 0.19409612 0.1940442  0.19401382 0.19406493 0.1942967  0.19442916
 0.1941238  0.19379592 0.1934684  0.1929621  0.19267972 0.19268246
 0.19292317 0.1931316  0.19327794 0.19326642 0.19288386 0.19239725
 0.19215113 0.19214232 0.1920762  0.19184235 0.19162436 0.19143696
 0.19133548 0.19127607 0.19120206 0.19107525 0.19106364 0.19113244]

test_DLinear_custom_ftM_sl96_ll48_pl96_dm512_nh8_el2_dl1_df2048_fc1_ebtimeF_dtTrue_test_1  
mse:0.3078176975250244, mae:0.35138580203056335, rse:0.531494140625, corr:[0.21418776 0.21330892 0.21268079 0.21139643 0.2095452  0.20829879
 0.20773417 0.20738138 0.2074122  0.20745012 0.20738178 0.20731913
 0.20742692 0.20758694 0.20731902 0.20674103 0.20634408 0.20618589
 0.20604645 0.20585476 0.20574702 0.20581117 0.20602474 0.2057754
 0.20479055 0.20370367 0.20296127 0.20184518 0.20067877 0.19994922
 0.19968724 0.19947149 0.19949445 0.19947866 0.19930637 0.19919433
 0.19939645 0.19983289 0.19997859 0.1997683  0.19956227 0.19946735
 0.1993802  0.19926807 0.1991397  0.19911711 0.19925508 0.19906618
 0.19826435 0.19748975 0.19694152 0.19609801 0.19539441 0.1951333
 0.19526444 0.1953359  0.19542252 0.19531414 0.19492695 0.1945517
 0.1944849  0.19470623 0.19474809 0.19455257 0.19435589 0.19419427
 0.19410113 0.19403881 0.19399521 0.19403936 0.19427784 0.19441958
 0.19409306 0.19377367 0.1934987  0.19298702 0.19269422 0.19269945
 0.19292301 0.19311659 0.19325478 0.19323623 0.19286609 0.1924164
 0.19217663 0.19217259 0.19211565 0.19188958 0.19168146 0.19148394
 0.1913649  0.19130006 0.19122526 0.19110063 0.19110441 0.1911572 ]

test_DLinear_custom_ftM_sl96_ll48_pl24_dm512_nh8_el2_dl1_df2048_fc1_ebtimeF_dtTrue_test_0  
mse:0.21308735013008118, mae:0.29630088806152344, rse:0.4425359070301056, corr:[0.21918325 0.21810943 0.21742436 0.21614642 0.21444517 0.21340455
 0.2130943  0.21319042 0.21335599 0.21337086 0.21321777 0.213095
 0.21322423 0.21341589 0.21310647 0.21246102 0.21203369 0.21187668
 0.21167673 0.21140003 0.21120623 0.21112996 0.21114561 0.21066804]

test_DLinear_custom_ftM_sl96_ll48_pl24_dm512_nh8_el2_dl1_df2048_fc1_ebtimeF_dtTrue_test_1  
mse:0.21248187124729156, mae:0.29370591044425964, rse:0.44190675020217896, corr:[0.2192106  0.21813688 0.21742435 0.21613102 0.21446176 0.21343249
 0.21311596 0.21319798 0.21339631 0.21340497 0.21323831 0.2131123
 0.21322778 0.21338253 0.21307023 0.21243882 0.2120224  0.21184276
 0.21166934 0.21141417 0.2112066  0.21112163 0.21115293 0.21067816]

test_DLinear_custom_ftM_sl96_ll48_pl48_dm512_nh8_el2_dl1_df2048_fc1_ebtimeF_dtTrue_test_0  
mse:0.2577671706676483, mae:0.32156607508659363, rse:0.4857293963432312, corr:[0.216583   0.21551727 0.21486782 0.21362084 0.21196488 0.21102293
 0.21085173 0.21104419 0.2113325  0.2115083  0.21153043 0.21157755
 0.21181515 0.21207611 0.21186742 0.21137457 0.21106641 0.21087591
 0.21056075 0.21019092 0.20991042 0.20979142 0.20981647 0.20940137
 0.2082684  0.2070264  0.20620169 0.205072   0.203953   0.20334361
 0.20321915 0.2033034  0.20334013 0.20326093 0.20303409 0.20295058
 0.20322187 0.20369305 0.20376618 0.2035013  0.20328878 0.20315064
 0.20297033 0.20275705 0.20256864 0.20249268 0.2025296  0.20218463]

test_DLinear_custom_ftM_sl96_ll48_pl48_dm512_nh8_el2_dl1_df2048_fc1_ebtimeF_dtTrue_test_1  
mse:0.25861474871635437, mae:0.32176756858825684, rse:0.48652732372283936, corr:[0.2165315  0.21549146 0.21486728 0.21363753 0.21198238 0.21105428
 0.2108901  0.21109274 0.21138647 0.21155564 0.21157144 0.21160173
 0.21183962 0.21211837 0.21190822 0.21138443 0.21105708 0.21086979
 0.21054432 0.2101796  0.20991941 0.20981938 0.20981768 0.2093806
 0.20825565 0.20704679 0.20623249 0.2050784  0.20393284 0.2033359
 0.20323102 0.20330736 0.2033336  0.2032652  0.20303951 0.20292026
 0.20317735 0.2036687  0.20376669 0.20350613 0.20328945 0.203129
 0.2029577  0.20276032 0.20257919 0.20250642 0.2025422  0.2022061 ]

